Density    Dose     AUC_best (µg*h/mL)              AUC_min              AUC_max
---------------------------------------------------------------------------------
1          0.05                150.435              103.782              212.483
1          0.3                1737.002             1260.158             2255.764
1          1                  7313.537             5436.145             9163.495
1          3                 24355.476            18123.128            30205.394
1          10                84855.005            63400.420           104815.309
1          20               171328.932           128176.969           211441.793
1          40               344284.191           257741.318           424700.936
1          60               517240.959           387307.847           637961.255
80         0.05                152.420              107.141              202.560
80         0.3                1752.275             1309.788             2125.990
80         1                  7264.043             5547.155             8525.693
80         3                 24011.175            18330.934            28027.476
80         10                86572.543            65565.525           101481.100
80         20               180001.091           136160.276           211239.810
80         40               369818.378           279658.561           434109.377
80         60               560683.554           424050.152           658071.994
400        0.05                157.939              107.466              213.391
400        0.3                1847.546             1326.442             2286.258
400        1                  7708.643             5656.111             9262.547
400        3                 25492.321            18739.399            30432.429
400        10                88540.855            65347.452           105509.078
400        20               179703.934           132298.932           215040.167
400        40               370639.646           270164.363           445896.519
400        60               568027.836           412960.848           684753.023
