Density    Dose     AUC_best (µg*h/mL)              AUC_min              AUC_max
---------------------------------------------------------------------------------
1          0.05                151.281              106.105              209.195
1          0.3                1742.392             1271.133             2246.928
1          1                  7350.892             5458.991             9205.433
1          3                 24507.166            18225.992            30431.119
1          10                85441.054            63831.688           105690.810
1          20               172541.905           129091.766           213245.653
1          40               346752.109           259624.563           428362.130
1          60               520964.023           390159.706           643480.005
80         0.05                153.593              108.811              202.881
80         0.3                1740.391             1305.597             2106.007
80         1                  7190.862             5509.865             8429.915
80         3                 23813.684            18225.786            27826.578
80         10                87056.002            65958.789           102168.551
80         20               181641.962           137476.632           213388.678
80         40               373776.321           282852.705           439174.885
80         60               566935.226           429131.898           666001.610
400        0.05                157.350              111.287              209.983
400        0.3                1827.288             1349.956             2242.317
400        1                  7629.327             5697.984             9105.040
400        3                 25249.691            18856.171            29950.973
400        10                87793.749            65744.565           103990.967
400        20               179240.720           133495.491           213581.060
400        40               373063.081           275178.217           447267.103
400        60               573710.675           422070.395           689333.602
