Density    Dose     AUC_best (µg*h/mL)              AUC_min              AUC_max
---------------------------------------------------------------------------------
1          50                11781.478             4666.802            14979.870
1          150               38856.875            16856.287            48656.414
1          300               79509.008            35213.145            99211.342
1          450              120165.991            53577.968           149771.230
1          600              160824.170            71944.696           200332.386
80         50                10660.344             4597.812            14923.558
80         150               34907.639            16391.708            48204.202
80         300               71537.067            34154.891            98605.311
80         450              109480.322            52034.369           151103.324
80         600              148928.381            70295.560           205391.591
400        50                10776.911             4746.107            15779.490
400        150               35264.237            16979.028            50924.484
400        300               72023.152            35381.958           103671.032
400        450              108787.040            53791.052           156423.943
400        600              145554.124            72202.123           209182.177
