Patient    Dose     AUC_best_ratio (%)    AUC_min_ratio (%)    AUC_max_ratio (%)
---------------------------------------------------------------------------------
1          0.05                 11.675                5.538               25.121
1          0.3                  18.747                9.599               35.168
1          1                    22.269               12.874               38.133
1          3                    23.804               14.183               39.836
1          10                   24.475               14.840               40.397
1          20                   24.625               15.001               40.496
1          40                   24.699               15.083               40.545
1          60                   24.724               15.110               40.561
80         0.05                  0.184                0.098                0.343
80         0.3                   0.196                0.119                0.324
80         1                     0.247                0.144                0.512
80         3                     1.176                0.307                5.314
80         10                    9.643                3.824               19.020
80         20                   15.059                7.971               25.676
80         40                   19.020               11.381               30.647
80         60                   20.699               12.696               32.899
400        0.05                  0.036                0.019                0.069
400        0.3                   0.037                0.022                0.062
400        1                     0.038                0.024                0.062
400        3                     0.043                0.026                0.074
400        10                    0.162                0.040                1.661
400        20                    1.995                0.315                8.204
400        40                    7.494                2.428               16.917
400        60                   11.085                4.681               21.767
